name: project-env
channels:
  - conda-forge
  - bioconda
  - defaults
dependencies:
  - blas=1.0=mkl
  - bzip2=1.0.8=h2bbff1b_6
  - ca-certificates=2024.7.4=h56e8100_0
  - icc_rt=2022.1.0=h6049295_2
  - intel-openmp=2023.1.0=h59b6b97_46320
  - joblib=1.4.2=py311haa95532_0
  - libffi=3.4.4=hd77b12b_1
  - mkl=2023.1.0=h6b88ed4_46358
  - mkl-service=2.4.0=py311h2bbff1b_1
  - mkl_fft=1.3.8=py311h2bbff1b_0
  - mkl_random=1.2.4=py311h59b6b97_0
  - numpy=1.26.4=py311hdab7c0b_0
  - numpy-base=1.26.4=py311hd01c5d8_0
  - openssl=3.3.1=h2466b09_2
  - pandas=2.2.2=py311hcf9f919_1
  - pip=24.0=py311haa95532_0
  - pybind11-abi=5=hd3eb1b0_0
  - python=3.11.9=he1021f5_0
  - python-dateutil=2.9.0=pyhd8ed1ab_0
  - python-tzdata=2024.1=pyhd8ed1ab_0
  - python_abi=3.11=2_cp311
  - pytz=2024.1=pyhd8ed1ab_0
  - scikit-learn=1.2.1=py311hd77b12b_0
  - scipy=1.13.1=py311h9f229c6_0
  - setuptools=69.5.1=py311haa95532_0
  - six=1.16.0=pyh6c4a22f_0
  - sqlite=3.45.3=h2bbff1b_0
  - tbb=2021.8.0=h59b6b97_0
  - threadpoolctl=3.5.0=py311h746a85d_0
  - tk=8.6.14=h0416ee5_0
  - tzdata=2024a=h04d1e81_0
  - ucrt=10.0.22621.0=h57928b3_0
  - vc=14.2=h2eaa2aa_4
  - vc14_runtime=14.40.33810=ha82c5b3_20
  - vs2015_runtime=14.40.33810=h3bf8584_20
  - wheel=0.43.0=py311haa95532_0
  - xz=5.4.6=h8cc25b3_1
  - zlib=1.2.13=h8cc25b3_1
prefix: C:\Users\Gab\miniconda3\envs\project-env
